-0.000941703910939395
0.047041639685630798
0.018470194190740585
0.003147548530250788
0.074084818363189697
-0.067192465066909790
-0.028605213388800621
0.058223862200975418
-0.012523922137916088
-0.033344641327857971
0.053751178085803986
-0.004376394674181938
0.117082491517066956
-0.037394545972347260
0.037447232753038406
-0.157158568501472473
0.002366897650063038
-0.138199880719184875
-0.038775902241468430
-0.080951720476150513
-0.171659171581268311
-0.013956128619611263
0.044817011803388596
0.137901395559310913
-0.083724156022071838
-0.012590785510838032
-0.067962162196636200
0.103705979883670807
0.021932739764451981
0.045698814094066620
-0.025002494454383850
0.102386817336082458
