0.186735033988952637 0.068430304527282715 0.140973910689353943
-0.072600975632667542 -0.256702542304992676 -0.103931255638599396
0.072589248418807983 -0.165306895971298218 0.164805918931961060
0.020610688254237175 -0.142514452338218689 -0.103186488151550293
-0.034276816993951797 -0.177845492959022522 -0.049307145178318024
0.030551386997103691 0.125818550586700439 0.247749760746955872
-0.119085833430290222 -0.097248613834381104 0.048552431166172028
0.003672880586236715 -0.066616900265216827 -0.021181629970669746
0.087485723197460175 0.096550002694129944 0.116028137505054474
0.134660452604293823 -0.031409617513418198 -0.122649513185024261
0.005978216417133808 -0.010355555452406406 -0.162833631038665771
0.040396191179752350 -0.080048225820064545 -0.081579484045505524
-0.008971157483756542 -0.034198775887489319 -0.087433494627475739
0.150573402643203735 0.022789420560002327 -0.192054226994514465
0.154134050011634827 -0.049650371074676514 0.078487202525138855
-0.026304131373763084 0.113167233765125275 -0.050431400537490845
0.168015733361244202 0.028507925570011139 0.078856617212295532
0.160890132188796997 0.113043747842311859 -0.037528097629547119
0.040686428546905518 0.167839452624320984 -0.103922896087169647
0.177523404359817505 0.107936583459377289 0.096343077719211578
-0.260320514440536499 -0.252481579780578613 -0.272562235593795776
-0.126841098070144653 -0.211019143462181091 0.025452613830566406
-0.108047559857368469 -0.207313865423202515 -0.023958874866366386
-0.176387548446655273 -0.004888181574642658 -0.031311668455600739
-0.183112338185310364 -0.158240705728530884 -0.005632244050502777
-0.233849167823791504 -0.220037132501602173 -0.156215593218803406
-0.056982491165399551 -0.124884597957134247 -0.248247161507606506
-0.146326690912246704 0.114173248410224915 0.081625774502754211
-0.085756734013557434 -0.162423133850097656 0.112155467271804810
0.127528011798858643 0.065630801022052765 -0.178233370184898376
-0.105207368731498718 -0.091812670230865479 0.150681912899017334
0.047327127307653427 -0.206702753901481628 0.105711296200752258
0.180104508996009827 0.099744580686092377 -0.233822137117385864
0.037259180098772049 0.005904499907046556 0.051181044429540634
0.020502582192420959 -0.019161654636263847 0.067940212786197662
0.071551479399204254 -0.044563859701156616 -0.148258164525032043
0.017927540466189384 -0.200962379574775696 -0.138941630721092224
0.209296748042106628 -0.124388366937637329 0.072232164442539215
0.083936020731925964 -0.083711422979831696 -0.093769051134586334
0.221896082162857056 -0.050984624773263931 0.115320578217506409
0.133861094713211060 -0.102837987244129181 -0.011183059774339199
0.154634505510330200 -0.111563421785831451 0.095831580460071564
0.122610189020633698 -0.001028939615935087 -0.055823139846324921
0.083957016468048096 -0.118405319750308990 -0.002480742288753390
-0.090750388801097870 -0.185806676745414734 -0.053232330828905106
-0.034565463662147522 -0.136305093765258789 0.070972748100757599
0.085209853947162628 -0.174635529518127441 -0.136607885360717773
0.117572456598281860 0.167126417160034180 -0.087762974202632904
-0.065998464822769165 0.159749045968055725 0.164416074752807617
-0.065837599337100983 -0.117639377713203430 0.096908420324325562
0.023362502455711365 0.166987314820289612 -0.011673342436552048
-0.022863894701004028 0.061553388833999634 0.164087712764739990
-0.027493169531226158 -0.214024454355239868 -0.092134453356266022
0.051793500781059265 -0.120026536285877228 -0.193143129348754883
0.084953293204307556 0.225258603692054749 0.149864897131919861
-0.100974135100841522 -0.196326479315757751 0.138175904750823975
-0.153137594461441040 -0.077478490769863129 0.000812927959486842
0.194050878286361694 0.180344715714454651 0.088185034692287445
-0.189135476946830750 -0.016996109858155251 -0.044270459562540054
0.029102308675646782 0.000700268079526722 -0.146397963166236877
0.008853864856064320 0.053728215396404266 -0.001052983570843935
-0.230306148529052734 -0.129238396883010864 -0.118008852005004883
0.161589771509170532 0.006064502522349358 0.101789519190788269
0.042577743530273438 -0.174445375800132751 -0.036565899848937988
-0.168776527047157288 -0.066947847604751587 0.065175071358680725
0.116673514246940613 0.219962596893310547 0.052570212632417679
0.187561780214309692 -0.101178452372550964 0.019026694819331169
-0.204574763774871826 -0.122850172221660614 -0.069378413259983063
0.001463845022954047 0.199674278497695923 0.044072616845369339
0.161494046449661255 -0.037746787071228027 0.137057840824127197
-0.055236425250768661 -0.048187032341957092 0.058768838644027710
-0.106008626520633698 0.036900080740451813 -0.156491100788116455
0.142644748091697693 0.134260416030883789 0.066292501986026764
0.152573451399803162 -0.070766948163509369 -0.226389437913894653
-0.157795548439025879 -0.075124792754650116 0.046053450554609299
0.121562369167804718 0.141149520874023438 -0.013175688683986664
-0.086215510964393616 -0.230907738208770752 -0.049847546964883804
-0.040360461920499802 0.006785740144550800 0.061576921492815018
0.056425955146551132 0.040152374655008316 0.086076654493808746
0.121267274022102356 -0.161209791898727417 -0.179993808269500732
-0.133883565664291382 -0.022497845813632011 0.222352609038352966
-0.156544700264930725 0.015720520168542862 -0.008035714738070965
-0.167240843176841736 0.006111018825322390 0.166115671396255493
-0.049448765814304352 -0.003338702954351902 0.113766290247440338
0.097217433154582977 -0.116091080009937286 -0.081379234790802002
-0.070083856582641602 -0.148926988244056702 -0.012867043726146221
-0.109074793756008148 0.134515061974525452 -0.009586289525032043
0.065363459289073944 -0.027015840634703636 0.031788345426321030
-0.039444971829652786 0.177356272935867310 0.050297383219003677
0.106229111552238464 0.082425437867641449 0.080434635281562805
0.157948508858680725 0.168677687644958496 -0.016726041212677956
0.120058029890060425 0.152132987976074219 0.094444178044795990
0.202365696430206299 0.113336034119129181 0.121516622602939606
-0.087148062884807587 -0.069492779672145844 0.043927188962697983
-0.080183506011962891 -0.123413644731044769 -0.086945548653602600
0.081227004528045654 0.040059432387351990 0.019641948863863945
-0.092340834438800812 -0.096862114965915680 -0.072944782674312592
-0.039944738149642944 -0.077166385948657990 -0.167387485504150391
-0.043808322399854660 0.061659984290599823 -0.157199591398239136
-0.020608250051736832 0.024621581658720970 -0.085307382047176361
-0.002660158555954695 -0.009268875233829021 0.106981828808784485
-0.185414031147956848 0.018851671367883682 0.141793012619018555
0.051917243748903275 0.057736057788133621 0.042731065303087234
-0.158491656184196472 0.085558585822582245 0.020610306411981583
-0.176370203495025635 -0.056302990764379501 0.168365359306335449
-0.136159658432006836 0.031601022928953171 0.068581305444240570
-0.165133461356163025 0.219314292073249817 -0.065682537853717804
-0.189438551664352417 0.040452200919389725 0.157449439167976379
-0.121294230222702026 0.017635067924857140 -0.114483296871185303
-0.117958948016166687 -0.060477357357740402 0.003226306289434433
0.023961758241057396 0.058347314596176147 -0.075369000434875488
0.124205723404884338 -0.020181138068437576 0.057675290852785110
-0.008974672295153141 -0.044201437383890152 -0.090919531881809235
0.120844855904579163 0.106756843626499176 0.113337025046348572
-0.128880769014358521 0.120804071426391602 0.150942996144294739
-0.095155350863933563 -0.073041275143623352 0.130115270614624023
0.008150786161422729 0.133725643157958984 0.096105232834815979
0.069384835660457611 -0.236886471509933472 0.078743658959865570
0.104175515472888947 -0.062741689383983612 0.084620438516139984
-0.061981752514839172 -0.013624606654047966 0.010487770661711693
0.066907837986946106 -0.192544370889663696 0.149977177381515503
0.087155587971210480 -0.227084234356880188 -0.069451875984668732
0.145952492952346802 0.052963994443416595 -0.027354171499609947
0.168835684657096863 -0.228750884532928467 -0.028774464502930641
0.253454476594924927 -0.209129840135574341 -0.149638235569000244
0.199586644768714905 0.083312012255191803 -0.099268376827239990
-0.018000623211264610 0.121647074818611145 -0.006123773753643036
0.100824736058712006 -0.124190725386142731 -0.157581999897956848
0.049729544669389725 -0.057244747877120972 0.046331070363521576
0.128217831254005432 0.170207142829895020 0.076106011867523193
0.195445105433464050 0.079378210008144379 -0.097040168941020966
0.014892299659550190 0.039584361016750336 0.126502513885498047
0.092471055686473846 -0.068868748843669891 -0.178354352712631226
0.058324977755546570 -0.180360510945320129 -0.154621988534927368
0.002461380790919065 -0.203298687934875488 -0.151212081313133240
-0.005717853084206581 -0.033250492066144943 -0.108501791954040527
-0.074478454887866974 0.072527863085269928 -0.171268016099929810
-0.107123494148254395 0.109905235469341278 -0.121613614261150360
0.110152021050453186 0.198252364993095398 0.066909454762935638
-0.003906175727024674 0.066311426460742950 0.109110124409198761
-0.106689512729644775 0.213738873600959778 0.091975875198841095
-0.001565173501148820 -0.100836284458637238 0.026876863092184067
-0.176658332347869873 -0.095846347510814667 -0.144367873668670654
0.099677927792072296 0.155435040593147278 -0.142603576183319092
0.085133962333202362 -0.171492353081703186 0.059231381863355637
0.053058393299579620 -0.207395017147064209 0.114444106817245483
0.008997954428195953 -0.143133476376533508 0.165377184748649597
-0.081050537526607513 -0.127557232975959778 0.198957264423370361
-0.145446911454200745 -0.111030384898185730 0.164574682712554932
0.000111144123366103 -0.079859100282192230 0.168830394744873047
-0.026184923946857452 -0.095877401530742645 0.072206228971481323
0.069803915917873383 -0.078980855643749237 0.133267790079116821
-0.071421325206756592 -0.027988169342279434 0.032741475850343704
-0.224749252200126648 -0.044142305850982666 -0.203286245465278625
-0.023603413254022598 -0.147892147302627563 -0.128329545259475708
0.080958835780620575 0.012884860858321190 -0.091826222836971283
-0.010888465680181980 -0.064649932086467743 -0.123315759003162384
-0.121550306677818298 0.121959365904331207 0.077679634094238281
0.102826796472072601 0.132879525423049927 -0.053001940250396729
-0.149765923619270325 0.135394468903541565 0.080421634018421173
0.104718938469886780 0.045660544186830521 0.121178485453128815
0.036997817456722260 0.047377519309520721 0.079802699387073517
-0.138751357793807983 -0.250480443239212036 -0.184336706995964050
0.118668191134929657 0.028149388730525970 0.095241956412792206
-0.023076796904206276 0.048572119325399399 0.203928396105766296
0.062919542193412781 -0.061520587652921677 -0.138134360313415527
-0.043645597994327545 0.169730380177497864 0.011766236275434494
-0.019523169845342636 0.155388876795768738 0.204368934035301208
-0.197501793503761292 -0.111954107880592346 -0.253263384103775024
0.043049637228250504 -0.011866748332977295 0.150987222790718079
0.116376258432865143 0.048763029277324677 0.019887015223503113
0.176368996500968933 -0.005541687365621328 0.001003395300358534
0.070248179137706757 -0.052325576543807983 0.120924502611160278
0.136387199163436890 -0.206268385052680969 0.155654460191726685
-0.038407303392887115 -0.218382820487022400 0.008417291566729546
0.139553397893905640 -0.174510315060615540 -0.146829605102539062
0.037560984492301941 -0.260629326105117798 0.052684184163808823
-0.032301560044288635 0.095114141702651978 0.007007198873907328
0.210986226797103882 0.010509250685572624 0.143754705786705017
0.007237961981445551 -0.211516648530960083 -0.062253523617982864
0.100301466882228851 0.035315025597810745 0.183594062924385071
-0.042863983660936356 -0.056657068431377411 -0.135885968804359436
-0.040483154356479645 -0.011316439136862755 -0.012809834443032742
-0.098684243857860565 0.107899747788906097 0.210009723901748657
-0.084309943020343781 -0.220869630575180054 -0.071921378374099731
0.093276299536228180 -0.065934821963310242 -0.114813089370727539
0.039296317845582962 0.208187565207481384 0.213487863540649414
0.012883853167295456 -0.188576415181159973 0.023288747295737267
-0.041179388761520386 -0.017127579078078270 -0.012172253802418709
-0.127993986010551453 0.041789054870605469 0.003795302240177989
-0.065385825932025909 0.028297862038016319 -0.026843311265110970
0.020261315628886223 -0.051531467586755753 0.183115527033805847
0.050617270171642303 0.027339322492480278 0.103393383324146271
0.023012422025203705 -0.177651494741439819 0.211467385292053223
-0.153188928961753845 -0.222320273518562317 0.135558217763900757
0.035128835588693619 -0.057224545627832413 -0.038279872387647629
-0.161489918828010559 -0.083393774926662445 0.203154161572456360
0.120051175355911255 -0.250588119029998779 0.182458177208900452
-0.032806485891342163 -0.100179679691791534 0.044915933161973953
-0.264618128538131714 0.053094990551471710 0.212792292237281799
-0.079354971647262573 0.108167111873626709 0.201779142022132874
-0.082916639745235443 -0.000240344932535663 -0.046701002866029739
-0.184115976095199585 -0.094966188073158264 0.018799075856804848
0.101274348795413971 0.080003760755062103 0.007725642062723637
-0.108812414109706879 -0.074391573667526245 0.100214049220085144
-0.149308040738105774 -0.056201342493295670 0.118608713150024414
-0.156721413135528564 0.260654658079147339 0.121743626892566681
-0.010326364077627659 0.140208184719085693 -0.073266997933387756
0.098183713853359222 0.055523626506328583 -0.143655776977539062
-0.110644601285457611 -0.187278270721435547 0.091490313410758972
-0.190066412091255188 0.056084431707859039 0.132865443825721741
0.015876641497015953 0.181203857064247131 -0.156306937336921692
0.170918419957160950 0.021081080660223961 -0.187499910593032837
-0.245157405734062195 0.164189994335174561 0.106871902942657471
0.175039619207382202 0.147326350212097168 -0.058537855744361877
-0.037622641772031784 -0.047937914729118347 -0.124139249324798584
-0.077022410929203033 -0.135476619005203247 0.127972289919853210
-0.012305634096264839 0.052245292812585831 -0.197914838790893555
-0.021286236122250557 -0.061948604881763458 0.028344299644231796
0.117559053003787994 0.096804745495319366 0.034920286387205124
0.041926231235265732 0.011999048292636871 0.032866105437278748
0.162070810794830322 0.125952914357185364 0.100302003324031830
-0.186639636754989624 -0.048628214746713638 -0.148739323019981384
-0.037086889147758484 0.045603241771459579 -0.215735197067260742
0.137891218066215515 0.018160510808229446 0.101890824735164642
0.167989641427993774 -0.087150856852531433 0.071244873106479645
0.186459809541702271 -0.103332616388797760 0.023124044761061668
0.020484700798988342 0.119444996118545532 0.101741887629032135
0.114062860608100891 -0.027556931599974632 -0.109204418957233429
0.093977324664592743 -0.061439182609319687 -0.202470377087593079
0.119672775268554688 -0.018361026421189308 -0.180959418416023254
0.058265317231416702 0.051253937184810638 -0.135746017098426819
0.152293875813484192 0.110684283077716827 -0.200312361121177673
0.033598016947507858 -0.042533788830041885 -0.188743829727172852
-0.054892506450414658 -0.031509131193161011 -0.014196102507412434
-0.009474856778979301 0.043816823512315750 -0.008566969074308872
-0.122849263250827789 -0.005481888540089130 0.019568810239434242
0.081133253872394562 -0.071534618735313416 -0.026036934927105904
-0.112740121781826019 0.003785404842346907 -0.008802991360425949
0.051667213439941406 0.070622168481349945 -0.080562263727188110
-0.032447226345539093 0.047506749629974365 0.045286104083061218
0.157013565301895142 0.065546587109565735 0.089326925575733185
0.149009287357330322 0.027971301227807999 0.042447373270988464
-0.032194867730140686 0.022428644821047783 -0.004229560960084200
0.083051383495330811 -0.077654309570789337 -0.144419148564338684
-0.117025740444660187 -0.095803491771221161 -0.134532526135444641
-0.074955858290195465 -0.010657949373126030 -0.068994916975498199
-0.140871375799179077 -0.029221711680293083 0.091223657131195068
-0.061939422041177750 -0.005374801810830832 -0.027078470215201378
-0.040695019066333771 -0.104147128760814667 -0.103688932955265045
0.022314209491014481 -0.156090885400772095 0.016067575663328171
0.055325195193290710 -0.132410541176795959 -0.125869378447532654
-0.011188270524144173 0.189292818307876587 0.276162654161453247
-0.123106300830841064 0.178704157471656799 0.186503857374191284
-0.192758530378341675 0.086621828377246857 0.034318849444389343
-0.002860359381884336 0.047743584960699081 -0.062100570648908615
0.016906008124351501 -0.151640415191650391 0.111105449497699738
-0.137805610895156860 -0.043996445834636688 -0.057645972818136215
0.115932062268257141 -0.230717301368713379 -0.165895104408264160
0.100017569959163666 -0.150819659233093262 -0.214849933981895447
0.080197103321552277 -0.139998570084571838 -0.172831669449806213
-0.043765459209680557 -0.046216752380132675 -0.071254640817642212
-0.204971387982368469 -0.182649672031402588 0.057467509061098099
0.072046749293804169 -0.092610299587249756 -0.026211306452751160
-0.044832438230514526 -0.046180091798305511 -0.133300870656967163
0.099171087145805359 0.002024854067713022 -0.126209080219268799
-0.079658366739749908 0.026187336072325706 -0.133435264229774475
-0.041806265711784363 0.006421783473342657 -0.090862877666950226
-0.142166331410408020 -0.064310409128665924 -0.081570781767368317
-0.172174245119094849 -0.009123399853706360 -0.109456807374954224
-0.128489077091217041 0.135572448372840881 -0.020966691896319389
-0.121280647814273834 0.198355063796043396 0.127176865935325623
0.097646117210388184 0.184515714645385742 0.062162745743989944
-0.237190574407577515 -0.204739257693290710 -0.046376083046197891
-0.196543484926223755 0.029051193967461586 -0.094312712550163269
-0.158459976315498352 0.125446423888206482 -0.166605040431022644
0.077869184315204620 -0.052079338580369949 0.046162325888872147
0.007243371568620205 -0.104155875742435455 0.016867214813828468
0.070557676255702972 -0.082521781325340271 0.092613443732261658
-0.291939824819564819 -0.268073409795761108 -0.100880816578865051
0.099531881511211395 -0.009192559868097305 0.000794578751083463
0.080428741872310638 0.206701412796974182 0.251913666725158691
-0.081133089959621429 -0.066489964723587036 -0.140406891703605652
0.150389626622200012 0.037745717912912369 0.059014834463596344
0.195322006940841675 0.099915221333503723 0.165552452206611633
-0.082987584173679352 -0.163212954998016357 -0.085624240338802338
0.111088402569293976 -0.048194821923971176 -0.152061387896537781
0.158902823925018311 0.033208906650543213 0.012329491786658764
