-0.000234489212743938
-0.021316418424248695
0.084639415144920349
0.016590250656008720
0.037090163677930832
0.052633292973041534
-0.033999782055616379
0.004381268750876188
0.018987776711583138
-0.082329206168651581
-0.030539261177182198
0.001590113737620413
-0.122769132256507874
0.012202375568449497
0.046652834862470627
0.024075621739029884
0.021357966586947441
0.085152886807918549
0.008609006181359291
0.013971191830933094
0.014961461536586285
0.003622350515797734
0.011278755031526089
0.006825023330748081
0.005087438505142927
-0.007153674494475126
-0.049108099192380905
-0.036312367767095566
0.043376203626394272
-0.047300118952989578
0.098754718899726868
-0.005543052218854427
